$ANSIBLE_VAULT;1.1;AES256
36666534343338323330383832656666363061346663313935333865646366653831323963643263
6563336364616639633463623934656462336563643739640a386233623033376132623736356539
30663233626465666335376263336132383566613035376266353432326265366332333634646138
3162366439633437370a356562353334313430353534346365363538363132646265343334346665
61336561313437626639306135303665363634623030386161343736343163623234386136343664
61626465646639303564613065333961393161383463333231336163393665646264663466356634
31643863613863303362653334303664323262623265643161643064313733323833396464333164
62613334336664333465646564386131306465653962613638363336396234636439333837663639
34343634353138326465626131313739646530633866356534353832306231333033633661663034
31613263326536656664653261373262336338356637323931663036633930623135306530636431
36666465353665663030623330373361346333643738303234623538366630646564666661636635
33393230303434626137666532363039326639666632353762333564623138336334626339346663
36366563316239323736623337366537316435346536363266336638373530623433393036653932
36343436396263353432613735666435316265336434613433313335643264663238376331383031
61316365346265623264373565356562356537643935363566366234623662326436643836343431
30333936356162613937396536343462366663363236306431353035343335343666646631363436
31393934636636666138613235643332636365396336306465396138653037623839313631643831
62623265373163613235626632613639343933626237616364633861376639626432383039306265
32343032313130613339326233633266623235653931306634396536663136353834663533623536
65323261373430336265636337373736326239343433396230393462666337346233646461313966
35356432346536383831666433313034313039643632643136346332656435373965363966396537
31366263373133623132376536626532313936643936306539653132613634333938396166323739
65633261343530663935306430313661346433623161653235386466353037343437616537643931
37633337636638326633623935323565646635653461636432373163386133303137316435323132
30363465636430376137333664316438643861343233623533366666383965653064356264376565
64623535363932373065386262323865343336653162306331353230363164613335396530353439
36646337626233313239663931323665356532373039373033636331613038646435373730623832
34623132333638653234393263653565313030633434306465376134633131313733613338386633
37366634633636356363316232333665316562316234373762393962303565396463393231616431
61383466393730383039303934363037353437303635343664633866663638633761653034303463
31346534643132623932306232626636643264373731393432366337346435663166626235383935
37663534633336613262633930636664313334316532383933383838343738353533366561346138
65396261633234323666376366653339326432333235356638626139626266633631353361363361
65323436666666373631656463316236336466396135616335346365336662323961353331316562
63356362646535343337353331356333643461303739396461396135613534613066623862373363
31333863383263636539343261663061316461336463323534323563613835303131663433343666
37353832363135366533633634396330383533613430363863646237666635653165336365376336
66623762613866376566393136363964613238386230346234386531633232373930376334663261
38363031333738613531663735643830643830356130643465303261373930333266393838653739
37353135663530333836376435366537386233313862303864306633336266306238303764636633
39373139393165366438306439353862356432363863336633336636323065623139323061313538
36386439636166633738383863373962613434646231643735663137616162363539393266393065
36646238316335343764393335343331343666656333323365346136646139373534646264363464
38643934653633666338316436393935356464323430336162616535636432396462313363663636
34626339353566316232326166336165343065353138363730356166343332663933353161363865
66666631353165313034386534323732313137373133376465366162636233643938396239373063
30343035353065663033373338363561383739373831623962323865346438633537643664333939
37636430623866376230
